id;region_name
1;jiggle drive
2;female Diesel
3;Cambridgeshire
4;payment
5;Canadian Organic ea
6;until Ball Oregon
7;fatally
8;North
9;so drive Iowa
10;portals
